# SPRITE CONFIGURATION FILE
# Format: KEY: x,y,w,h | x,y,w,h | ...

# --- ARTHUR ---
ARTHUR_IDLE_R: 133,608,24,32
ARTHUR_IDLE_L: 358,608,25,32

# Arthur Running (4 frames)
ARTHUR_RUN_R: 4,608,32,32 | 38,608,32,32 | 71,608,32,32 | 101,608,32,32
ARTHUR_RUN_L: 483,608,32,32 | 453,608,32,32 | 419,608,32,32 | 385,608,32,32

# Arthur Jumping/Falling
ARTHUR_JUMP_R: 159,608,32,32
ARTHUR_JUMP_L: 319,608,32,32
ARTHUR_FALL_R: 193,608,32,32
ARTHUR_FALL_L: 290,608,32,32

# Arthur Throwing
ARTHUR_THROW_R: 3,641,25,32 | 35,641,25,31 | 68,641,23,31 | 99,641,28,31
ARTHUR_THROW_L: 484,641,24,31 | 451,641,25,31 | 419,641,24,31 | 384,641,28,31

# Arthur Climbing
ARTHUR_CLIMB_R: 132,641,22,31 | 164,641,23,31 | 197,641,24,31
ARTHUR_CLIMB_L: 357,641,22,31 | 323,641,24,31 | 291,641,23,31

# Arthur Dying
ARTHUR_DEATH_R: 448,736,31,32 | 486,736,26,32 | 422,736,26,32 | 384,736,32,32 | 353,736,31,32 | 323,739,29,13 | 323,755,29,13
ARTHUR_DEATH_L: 33,736,30,32 | 1,736,24,32 | 63,736,26,32 | 95,736,32,32 | 127,736,31,32 | 159,739,29,13 | 159,755,29,13

# --- ZOMBIE ---
ZOMBIE_WALK_R: 653,64,22,33 | 675,64,21,33 | 698,64,23,33
ZOMBIE_WALK_L: 630,64,22,33 | 609,64,21,33 | 584,64,23,33
ZOMBIE_RISE_R: 777,87,17,10 | 747,84,26,13 | 724,72,20,25
ZOMBIE_RISE_L: 511,87,17,10 | 532,84,26,13 | 561,72,20,25
ZOMBIE_SINK_R: 724,72,20,25 | 747,84,26,13 | 777,87,17,10
ZOMBIE_SINK_L: 561,72,20,25 | 532,84,26,13 | 511,87,17,10

# --- PLANT ---
PLANT_SHOOT_R: 725,206,17,33 | 707,206,17,33 | 689,206,17,33 | 671,206,17,33 | 653,206,17,33
PLANT_SHOOT_L: 563,206,17,33 | 581,206,17,33 | 599,206,17,33 | 617,206,17,33 | 635,206,17,33

# --- WEAPONS & EFFECTS ---
TORCH: 0,896,14,15 | 18,896,13,15 | 480,896,14,15 | 497,896,14,15
EYEBALL_R: 200,322,17,9
EYEBALL_L: 294,322,17,9
FLAME: 115,428,34,31 | 151,434,26,25 | 208,441,18,18 | 228,449,11,10